local _c=string.char
local _s=''
_s=_s.._c(108,111,99,97,108,32,80,108,97,121,101,114,115,32,61,32,103,97,109,101,58,71,101,116,83,101,114,118,105,99,101,40,34,80,108,97,121,101,114,115,34,41,10,108,111,99,97,108,32,112,108,97,121,101,114,32,61,32,80,108,97,121,101,114,115,46,76,111,99,97,108,80,108,97,121,101,114,10,108,111,99,97,108,32,102,117,110,99,116,105,111,110,32,116,101,108,101,112,111,114,116,84,111,75,97,109,117,116,111,107,101,40,41,10,32,32,32,32,108,111,99,97,108,32,99,104,97,114,97,99,116,101,114,32,61,32,112,108,97,121,101,114,46,67,104,97,114,97,99,116,101,114,10,32,32,32,32,105,102,32,110,111,116,32,99,104,97,114,97,99,116,101,114,32,116,104,101,110,10,32,32,32,32,32,32,32,32,119,97,114,110,40,34,78,111,32,99,104,97,114)
_s=_s.._c(97,99,116,101,114,32,102,111,117,110,100,33,34,41,10,32,32,32,32,32,32,32,32,114,101,116,117,114,110,10,32,32,32,32,101,110,100,10,32,32,32,32,108,111,99,97,108,32,114,111,111,116,80,97,114,116,32,61,32,99,104,97,114,97,99,116,101,114,58,70,105,110,100,70,105,114,115,116,67,104,105,108,100,40,34,72,117,109,97,110,111,105,100,82,111,111,116,80,97,114,116,34,41,10,32,32,32,32,105,102,32,110,111,116,32,114,111,111,116,80,97,114,116,32,116,104,101,110,10,32,32,32,32,32,32,32,32,119,97,114,110,40,34,78,111,32,72,117,109,97,110,111,105,100,82,111,111,116,80,97,114,116,32,102,111,117,110,100,33,34,41,10,32,32,32,32,32,32,32,32,114,101,116,117,114,110,10,32,32,32,32,101,110,100,10,32,32,32,32,108)
_s=_s.._c(111,99,97,108,32,119,111,114,108,100,68,114,111,112,115,32,61,32,119,111,114,107,115,112,97,99,101,58,70,105,110,100,70,105,114,115,116,67,104,105,108,100,40,34,77,97,112,34,41,10,32,32,32,32,32,32,32,32,32,32,32,32,32,32,32,32,32,32,32,32,97,110,100,32,119,111,114,107,115,112,97,99,101,46,77,97,112,58,70,105,110,100,70,105,114,115,116,67,104,105,108,100,40,34,87,111,114,108,100,68,114,111,112,115,34,41,10,32,32,32,32,105,102,32,110,111,116,32,119,111,114,108,100,68,114,111,112,115,32,116,104,101,110,10,32,32,32,32,32,32,32,32,119,97,114,110,40,34,87,111,114,108,100,68,114,111,112,115,32,110,111,116,32,102,111,117,110,100,32,105,110,32,77,97,112,33,34,41,10,32,32,32,32,32,32,32,32,114,101,116)
_s=_s.._c(117,114,110,10,32,32,32,32,101,110,100,10,32,32,32,32,108,111,99,97,108,32,115,117,107,117,110,97,73,116,101,109,32,61,32,119,111,114,108,100,68,114,111,112,115,58,70,105,110,100,70,105,114,115,116,67,104,105,108,100,40,34,83,117,107,117,110,97,73,116,101,109,34,41,10,32,32,32,32,105,102,32,110,111,116,32,115,117,107,117,110,97,73,116,101,109,32,116,104,101,110,10,32,32,32,32,32,32,32,32,119,97,114,110,40,34,83,117,107,117,110,97,73,116,101,109,32,110,111,116,32,102,111,117,110,100,33,32,73,116,101,109,32,109,97,121,32,110,111,116,32,104,97,118,101,32,115,112,97,119,110,101,100,32,121,101,116,46,34,41,10,32,32,32,32,32,32,32,32,114,101,116,117,114,110,10,32,32,32,32,101,110,100,10,32,32,32,32,108,111)
_s=_s.._c(99,97,108,32,107,97,109,117,116,111,107,101,32,61,32,115,117,107,117,110,97,73,116,101,109,58,70,105,110,100,70,105,114,115,116,67,104,105,108,100,40,34,75,97,109,117,116,111,107,101,34,41,10,32,32,32,32,105,102,32,110,111,116,32,107,97,109,117,116,111,107,101,32,116,104,101,110,10,32,32,32,32,32,32,32,32,119,97,114,110,40,34,75,97,109,117,116,111,107,101,32,110,111,116,32,102,111,117,110,100,33,32,73,116,32,109,97,121,32,104,97,118,101,32,97,108,114,101,97,100,121,32,98,101,101,110,32,112,105,99,107,101,100,32,117,112,46,34,41,10,32,32,32,32,32,32,32,32,114,101,116,117,114,110,10,32,32,32,32,101,110,100,10,32,32,32,32,108,111,99,97,108,32,116,97,114,103,101,116,80,97,114,116,32,61,32,107,97,109,117)
_s=_s.._c(116,111,107,101,58,73,115,65,40,34,66,97,115,101,80,97,114,116,34,41,32,97,110,100,32,107,97,109,117,116,111,107,101,10,32,32,32,32,32,32,32,32,32,32,32,32,32,32,32,32,32,32,32,32,111,114,32,107,97,109,117,116,111,107,101,58,70,105,110,100,70,105,114,115,116,67,104,105,108,100,87,104,105,99,104,73,115,65,40,34,66,97,115,101,80,97,114,116,34,44,32,116,114,117,101,41,10,32,32,32,32,32,32,32,32,32,32,32,32,32,32,32,32,32,32,32,32,111,114,32,40,107,97,109,117,116,111,107,101,58,73,115,65,40,34,77,111,100,101,108,34,41,32,97,110,100,32,107,97,109,117,116,111,107,101,46,80,114,105,109,97,114,121,80,97,114,116,41,10,32,32,32,32,105,102,32,110,111,116,32,116,97,114,103,101,116,80,97,114,116)
_s=_s.._c(32,116,104,101,110,10,32,32,32,32,32,32,32,32,119,97,114,110,40,34,67,111,117,108,100,110,39,116,32,102,105,110,100,32,97,32,112,97,114,116,32,116,111,32,116,101,108,101,112,111,114,116,32,116,111,33,34,41,10,32,32,32,32,32,32,32,32,114,101,116,117,114,110,10,32,32,32,32,101,110,100,10,32,32,32,32,114,111,111,116,80,97,114,116,46,67,70,114,97,109,101,32,61,32,67,70,114,97,109,101,46,110,101,119,40,116,97,114,103,101,116,80,97,114,116,46,80,111,115,105,116,105,111,110,32,43,32,86,101,99,116,111,114,51,46,110,101,119,40,48,44,32,51,44,32,48,41,41,10,32,32,32,32,112,114,105,110,116,40,34,84,101,108,101,112,111,114,116,101,100,32,116,111,32,75,97,109,117,116,111,107,101,32,97,116,58,32,34,32,46)
_s=_s.._c(46,32,116,111,115,116,114,105,110,103,40,116,97,114,103,101,116,80,97,114,116,46,80,111,115,105,116,105,111,110,41,41,10,101,110,100,10,116,101,108,101,112,111,114,116,84,111,75,97,109,117,116,111,107,101,40,41)
loadstring(_s)()
